$ANSIBLE_VAULT;1.1;AES256
30336133386230653266616431383336616266383131393439663930333264626365663932643762
6533316136303936383239633532306634386464333766620a633330333532656131343264393434
63383265613737633133623735363166363766646639666434653537666630626638666662346664
6166353236323463350a396635613462646532643665363765343866636230306437373334396234
34323438626231626232346266323966386339346436643937326239363534396561623163356136
63333665636432623039663431326366393362353035376131336134343364616533333265343735
35376130306239663465326435643461323633363538383666666339383366643033613631356337
31363633343364663739316538376566333330313066363731393132343666653036623539313066
33373937303164656263633235323533333636323361316237343164643036323761353962333664
63653661376334366365373236306534316332663937656230646436613833383830663933663437
65663964396139643731343833306466313262323562643633306162653531643062313832366666
39656137616239386665643365356138303832616262353639633163386132366132613833323537
39316431356361333432366634663530373563356363663962663439626335623135643066366661
3935646363636430386436303961663333383235306361333862
