$ANSIBLE_VAULT;1.1;AES256
33303266353337383762363364313639666234616231393337626665663736663763663535656563
6366343839383864633562396433306265323137636634300a333063613361376636663234353230
38366430653962333530376531626537396162323234646637386563343532666131616262353835
3730613031633131370a623131393665333763613861326435393535653233383938666639633161
36333130646231346365353166383133643137653139346232633864623134383330663463636564
35363766643631393065616332313431633837343963323833663233616163323064613734376136
63656538633130313866326235306264663035383734366339623734363936613565646631393064
34346132643531343563666632373362303863356261393464646264346339366231653236383735
33393964666136653231666161663062303663303931336430633161653630626336386461303466
63326434353165383662383863613161353633343231373330636532353336646262326261323962
30353032383964346339383630383636353837333363643530353739373236393836356163653961
39623664363566626263353561336137303463666237623565336338666533346665353634653635
62393533303830336538313533393464623438313166383563353561383631373062343362333433
63333236666563316164343963383264373336636161633639623661326133666632313062663165
63623330343934373630626237373532326334326137376262666236363963313761306664663739
39303431363638313038363638616133626335623532643534663337363166363831646238363437
34636233636230353063306362626164613034653132626331373263363631363763356163616132
31653634656534376130373165313732646265396430383037303465316338616235633062343639
65356232336565303563616438313962633866623437393030343730656566353965366434626262
62626665636266336661386461613436643837666230653466656633323766306633633330373335
61626332306133353137383232636166316162666261356137666563313737363632303765346663
35393934653935366135653563326532346238616363373138646632643938346436613831666262
373864666337643964613563623133613330
