$ANSIBLE_VAULT;1.1;AES256
63633439376430306265373264666436623630393962353330303738663132363034306466333835
3366666465323764313336333866376563653666333739350a333337366332393130383762333437
62323136653666323363636631356537313931306336623936663138636332623532333236343830
3163656562316132380a393562343130663531376433663366663039313633653933636636396638
30646235363131373333383332366235343165656566613561353936626364663239323165303434
35663834653633653961323366316164303465313035316139326462386362333536333162623135
34323430306434356339376464323134303836363661616338663264346638313731383539366636
34613465326564316538623434623437313337346664613739316438643530623863383234326633
34663731313234343264396463613266366236316164303135383938626638643861396530363130
61356634396235363238643832636133343063626665633166323232313431333765366331303432
35343339643365356637613939376166303135316430633939656335316365613633326436346538
36633934343238643364613535363137363238616137373732376439643430336432653664373563
32333130616536646361386162653333343836646436666161633232313264306339646564663763
64656432326661373039336361653166333735346563393239313161623863336636663237333530
30396461383539356639643661323636353639613261343933363831303633383934326439623764
61326162616330663532643562613732646235346265653263393362373033653363643063326262
36653032313933373432343430653862356530646166366436623133333431303035343838633835
35646534343934376539363763643130363438393461623935613462323431373463383035303838
31386432396330646264346464366163313637613436623566346636396661326138656165303639
63343232653435303436376261643164356466303965643639303963616133373962663162643130
31303965303233366631653066653661363239353533303066663635316533643131643538363262
39373337356630643765393361663530646636366136613562323236663333316430303131313439
31353336346638343238343831656131306135303033623337393935303633653130656538383964
33633461656665383332326533646139303432353836393634653162366236663835303162313830
3465
