$ANSIBLE_VAULT;1.1;AES256
61396436336335663463336435636637303834323163616232393134623333383038306461623431
6237653339386165626435363439303837346630613666350a343832653733333633346234666137
65373631653536626630353233313533343135306336313831313035666363613233323439396135
6333613563346137360a306438323165346436373630316362333836326163336433316334353938
61343838316431646433393637653137653835393465616433653130633362653736613232303337
32646632303930343665643136353333636333326435356634653336356137646565346334373937
32636666666133663533373765353166666137396139363432656333303264383630663837633663
30363635386265373931303834303162616262356638633135666533643464653166666338343738
65373561623566643932393264383335343066396662643032633031663337666632636430636238
64333939306538316139613531396661353561356262393736353962366335393335346338373435
64303663346265656636636431613664646665313436626239663333333836613438303734613864
30346535636466646465376666396533363438656232633833626632353865383537323039323533
63643938343865373331303966353461653237323031393035323765313061663963363239613130
66343763306231396339326665366562386438303436303137666463383136343534323438616463
38333634636365643065393932363462313164613034643464666265613563353933356565343861
65643563636433653764333834646337356539363533666562373566646162333131666631363738
64613164373336373039343839656634356665663866613830323133616435643861656664363431
37343238383062636638353535396436626565333064383737373166653464316636343262373433
30636531353231373834383262633531396164366539353461643263663861333333353833636564
33356638343266363630313133643736653532636632633161306530623533633666376133366534
37663938316336653962626130383830326535393661666138303563383638343962313639633433
36356365626465373532313331643835376664386137323332346661326530383431663130326162
65373238633631663036386438656430373632623436626563623835646562626633393438306338
30663465306436303934653463643939323839323437623566353033656661626532303566313336
65393633653839613834373264373535303366306430613965303033623339316434656637666530
64643935373235656437373430626662663535613365313265626562656435393638353232343435
63303361363266393538636361326130396232366538663966316232646139333765306433663865
30643863353730663833326561306666306136303237373032363861663132646166323035356430
39316138323362623534386538313162326631323933303031383665643232366465343366646361
32396565366530663538373166323634626631626631376561666238653938396464646437653838
37623161643161663838366462666661613839623366386535323036346363653830316330636530
31313861356139633331326632643061313038626432653039393765316561326632613066383735
33343530643965373561653062656632383065653961613737306466343235663432353431396232
39306237333263333438333635653135643737333366396661656563623233366564373734656137
38376365326632613536383737303438356438353862326664313061653163396631653665353138
63643864623433623032306535383166346438306231613034356233623830376266616135303063
61316331303337643464303538363538663933396466653532663437373130393562646439616636
63636265616462616463373766653261663634383438313962383766303635656164353137333330
38316635303230653430643630336366396536323262386635643330643836316435613030303830
32653132383766306361343166626535373038633734356532653863333636663933613961633038
38373964373634373734363664373736643762393531326366646363343638643266616533393364
64656261306230366433616531376663386131393235303865633363343137306565393333663137
66616334366131373763643930663635373566323065623238323265633162666261636365646333
35366537313431626530656462366438383864663164646361613566636264613639383039363131
36666262666664316164376234663438356533303634646138373338393166616133386665303565
31643131313333376333396231336363363537353231356463336561313566643332343837653563
30626564323738616166366433373733383730333037653462336635326164373936626463396435
66633666613730396639336137636433373333643734393561663165343834356566633934643738
61376434323565633936306637643933633637313665363161356333393861636261303261396462
61636131326436616631653037613962346636393337316163626236393066346139383637613136
61343237626337393365613436633437393736616466303135346234393234666338396334386239
65396462636237653666633338656234656237656637323738656662313366386365643430373866
38626264613464666333373663616538333137306435366434326661643138393537623839373036
32326530633737303238633563646339613461366161633066343432326331393563366265333335
63616465666162356461366266383330643762303438373866636164363464363566333930353665
34363261633964386535393332613835666562666635303739633935313465636438343034373136
61653164333733323862653462306466653237663666623031396530386466643763326363636334
65373665393935363136626462373736616566326136663333616162393166633039356662373364
37313264653262303062323939386166333463346633353233663033383633633137313563366139
65353065323032653831343064353733636366663563623061356663396533376238323766313562
30333138336639366431656536616163623862303934636539623838636436626634633766346238
61303861383331313832653136396231396139353431356463633337376132376138373062666536
32343732326338383466646262393839313336633463356561646432336563356634323636316364
34343332386239393330366132633536336631393331323636613539323964643761306231666365
38336335363630323561626463393839383561316361313861343465623261333539376538373037
35393764613638303563356638303562386561663033626265326665653837363030626135613265
37316564343662663032623739616365623130386462323064393831653938363863663833343263
61363161376630306666376230313966383265656132653237653761393635656165646335663332
62653564653766393363393331653031396561646337343131306632663264653334383131363863
62353337356162366535623365386235613838393666323462353231373063366134393730623566
37646330613733643539356666653364373862363261346232633737316639373838643230343361
35353137666233356631336434643737313734333934356165663439666631643133613334376161
32666630653762353765636632303066373532663430356666663439353763643561636366393737
37343433653462633533626235393136663666376332646465316266393034356233366538323562
36633664326331623032626464636264356437393863396233346466393239363031356235336632
39393535316535633139643639626139353964383233643836666661646366303461363165633062
33353137633135313638663331623232623932303436306364396438613430303963643665336662
38623333343432653565653464373865396434396262373435346136353062323832343261386130
34626433366666393432393962396434306533356161646362396331333037343933383833333838
34326664616138333561323039396339333637633131343266376235663931356236383036623830
37336463343666316537633163623434613536633734616432356166663136303335383364623133
62363937376331613739373632643066623238343534323331656562303936323634306639633735
35323436346238376566366166303865393236613661323637616339313632333234356366323930
30643731636239646164316237393361363332336337643132336464656133633038323438653763
36623838333030666462383766653135393764396539363263356261323434343465323135623939
31373935323362643831376238663738333561633037396533663331633937643365666336653363
66333336353838623536363163393766346162393664633366376239396635393933643861663732
35343730633632353230326132303336373965643332393463393334633737363139326239396561
31313266653264363831393531363639633332613438376564653138313738613538636639386336
34393635353933663865653731666263333865373262363566356564633166626262393132313434
30626263353964663032616564643837323833303564636565373838323761306366656364396263
63373933386265346163313330343736326161623365363434653130633231643331373135346137
35643835616639393738613062386430363664303530346164396264326163643138623732373133
31353330363533353839646533303830363833616230393030306532663531313463646564373666
64643735623932386366663939343164333266353862373933336263346364343635303734653738
38356533666663363333363766353961336639663565333961633233316133353535303430613666
30636665633830343430366331346264396636623762343237366334626661646534396634336138
39356235383838343361613034626631643765356634636539646161343032633465663136643230
35646139316534656431633064353835656364306333343039303437616130306364336438376332
66613036393862383261643031306435353366323363653264383765626235616565333032623364
32313637336633353236353439313430306634316235616166333837363265646534323466633838
34366234346361613661386265303930643238373364343830373338616236376564663635346265
64643966656666633663626237373833326332636130306264366536373537613131643638623161
35623335313563343839306337383062353439393034613935303439383530313161346461333932
33323135343138623839613463636561633664623632666231343435663638323734636366303938
66643165663939613863383265666164626364616531626331393333303765656531363362663630
39306266623130393632633837343039313330316662333139366433613635613636666134313030
63626561613834323337373336393232313137653139633164613731396533303436353262366135
64643830313265623932656636626266636233313663333065613336313666633561356263626364
31303838323132363266393162333532636662323735646434323661333431613632663632653732
31383935303365373363663032366665623836346165613161646234623339343731363965643462
35653639366333633738323366326438613839386236353334623131366666663239656138633964
33336433623236663863306166326332303663353361666134613637373935356336336164323631
30623633393065643730663134353765636331386538333934336332316264623630386235646438
62656462346634633630383766663230303664643264333564323666616639363536303662643133
64313566623962316133613439633930333761383763653937636164313961643732303635373064
61663239393765643837393535393265376665373531623964326461626364363364346664313937
31356535386431363530333862313664643233636338653165646134363837623666616661333761
66303132633335616362633035373166323030336334346231333664633832393032613864356630
61653961346238363335323134623034626664626539393139343033613536653065613264366333
65333366323031333364326434623534623861663235326164346537306234613466393465623633
32343134336662616563343536326130316631396364323430323531613331343366643361363035
35333464636662383536396134663765613835633233306264353935633838303636376464396466
37383037323734663636633730393733316334663437303462343934393364653362393362643630
33663033316364646430353666306164383162363161313331353161613334643538343035623062
66656637393962626534333663623731663039663562306330333165383063313662333939666365
35303564303766636235363162636631333730613635653962303062303235346230636632396337
65393064616234323962353933363939396132323665633065623262353439313534316362616136
31656532353531623236626433316239376264616131636566663638623463653236363037326130
35343431373763373638373530396363363364643963323863666135383331363861396135653837
34636330303538306533326238366461326437623932376661643566336361646338616565376666
31633937386165653133313831333533316566383063656535623534326438316336316239376665
61663137613633326365363736633465663430636563326230333531643939666164303061366435
6261646534313864333339346561636537663737316266636330
